(function(name,data){
 if(typeof onTileMapLoaded === 'undefined') {
  if(typeof TileMaps === 'undefined') TileMaps = {};
  TileMaps[name] = data;
 } else {
  onTileMapLoaded(name,data);
 }
 if(typeof module === 'object' && module && module.exports) {
  module.exports = data;
 }})("map",
{ "compressionlevel":-1,
 "height":50,
 "infinite":false,
 "layers":[
        {
         "data":[1, 1, 1, 1, 1, 1, 1, 1, 1, 1, 1, 1, 1, 1, 1, 1, 1, 1, 1, 1, 1, 1, 1, 1, 1, 1, 1, 1, 1, 1, 1, 1, 1, 1, 1, 1, 1, 1, 1, 1, 1, 1, 1, 1, 1, 1, 1, 1, 1, 1,
            1, 1, 1, 1, 1, 1, 1, 1, 1, 1, 1, 1, 1, 1, 1, 1, 1, 1, 1, 1, 1, 1, 1, 1, 1, 1, 1, 1, 1, 1, 1, 1, 1, 1, 1, 1, 1, 1, 1, 1, 1, 1, 1, 1, 1, 1, 1, 1, 1, 1,
            1, 1, 1, 1, 1, 1, 1, 1, 1, 1, 1, 1, 1, 1, 1, 1, 1, 1, 1, 1, 1, 1, 1, 1, 1, 1, 1, 1, 1, 1, 1, 1, 1, 1, 1, 1, 1, 1, 1, 1, 1, 1, 1, 1, 1, 1, 1, 1, 1, 1,
            1, 1, 1, 1, 1, 1, 1, 1, 1, 1, 1, 1, 1, 1, 1, 1, 1, 1, 1, 1, 1, 1, 1, 1, 1, 1, 1, 1, 1, 1, 1, 1, 1, 1, 1, 1, 1, 1, 1, 1, 1, 1, 1, 1, 1, 1, 1, 1, 1, 1,
            1, 1, 1, 1, 1, 1, 1, 1, 1, 1, 1, 1, 1, 1, 1, 1, 1, 1, 1, 1, 1, 1, 1, 1, 1, 1, 1, 1, 1, 1, 1, 1, 1, 1, 1, 1, 1, 1, 1, 1, 1, 1, 1, 1, 1, 1, 1, 1, 1, 1,
            1, 1, 1, 1, 1, 1, 1, 1, 1, 1, 1, 1, 1, 1, 1, 1, 1, 1, 1, 1, 1, 1, 1, 1, 1, 1, 1, 1, 1, 1, 1, 1, 1, 1, 1, 1, 1, 1, 1, 1, 1, 1, 1, 1, 1, 1, 1, 1, 1, 1,
            1, 1, 1, 1, 1, 1, 1, 1, 1, 1, 1, 1, 1, 1, 1, 1, 1, 1, 1, 1, 1, 1, 1, 1, 1, 1, 1, 1, 1, 1, 1, 1, 1, 1, 1, 1, 1, 1, 1, 1, 1, 1, 1, 1, 1, 1, 1, 1, 1, 1,
            1, 1, 1, 1, 1, 1, 1, 10, 3, 3, 3, 3, 3, 3, 3, 3, 3, 3, 3, 3, 3, 3, 3, 3, 3, 3, 3, 3, 3, 3, 3, 3, 3, 3, 3, 3, 3, 3, 3, 3, 3, 3, 1, 1, 1, 1, 1, 1, 1, 1,
            1, 1, 1, 1, 1, 1, 1, 6, 16, 21, 15, 17, 18, 16, 16, 16, 17, 17, 1, 16, 16, 2, 16, 16, 17, 17, 11, 17, 17, 17, 16, 16, 17, 17, 17, 17, 13, 16, 16, 16, 16, 16, 1, 1, 1, 1, 1, 1, 1, 1,
            1, 1, 1, 1, 1, 1, 1, 6, 1, 16, 15, 18, 16, 16, 16, 16, 17, 17, 17, 17, 17, 16, 16, 17, 17, 17, 17, 17, 17, 17, 17, 15, 17, 17, 17, 17, 17, 17, 16, 21, 17, 17, 1, 1, 1, 1, 1, 1, 1, 1,
            1, 1, 1, 1, 1, 1, 1, 6, 16, 16, 16, 17, 17, 16, 16, 16, 17, 17, 17, 17, 17, 17, 11, 16, 17, 16, 16, 17, 17, 17, 17, 11, 17, 17, 17, 17, 17, 17, 17, 17, 17, 17, 1, 1, 1, 1, 1, 1, 1, 1,
            1, 1, 1, 1, 1, 1, 1, 6, 16, 16, 16, 16, 17, 17, 16, 17, 17, 17, 17, 17, 16, 17, 17, 17, 17, 16, 1, 17, 17, 17, 17, 17, 17, 17, 16, 16, 17, 17, 17, 17, 17, 17, 1, 1, 1, 1, 1, 1, 1, 1,
            1, 1, 1, 1, 1, 1, 1, 6, 16, 16, 16, 16, 17, 18, 17, 17, 17, 17, 17, 17, 17, 17, 17, 17, 17, 17, 17, 17, 17, 17, 17, 20, 16, 16, 20, 20, 17, 16, 17, 17, 17, 16, 1, 1, 1, 1, 1, 1, 1, 1,
            1, 1, 1, 1, 1, 1, 1, 6, 16, 17, 16, 16, 17, 17, 17, 17, 16, 17, 17, 16, 17, 17, 17, 17, 17, 17, 17, 17, 17, 17, 20, 16, 17, 17, 17, 1, 17, 17, 17, 17, 15, 2, 1, 1, 1, 1, 1, 1, 1, 1,
            1, 1, 1, 1, 1, 1, 1, 6, 17, 17, 17, 16, 17, 17, 17, 16, 16, 17, 17, 17, 17, 17, 17, 17, 17, 19, 17, 17, 17, 17, 20, 17, 17, 17, 17, 17, 20, 11, 17, 17, 16, 1, 1, 1, 1, 1, 1, 1, 1, 1,
            1, 1, 1, 1, 1, 1, 1, 6, 16, 17, 17, 1, 17, 17, 17, 17, 16, 16, 17, 17, 17, 17, 19, 17, 16, 13, 16, 17, 17, 17, 16, 17, 17, 17, 17, 17, 16, 16, 16, 17, 13, 18, 1, 1, 1, 1, 1, 1, 1, 1,
            1, 1, 1, 1, 1, 1, 1, 6, 16, 16, 17, 17, 17, 17, 17, 17, 17, 16, 15, 17, 17, 17, 16, 1, 17, 17, 17, 16, 17, 17, 14, 17, 11, 16, 17, 20, 12, 20, 17, 17, 17, 16, 1, 1, 1, 1, 1, 1, 1, 1,
            1, 1, 1, 1, 1, 1, 1, 6, 16, 17, 17, 16, 17, 17, 17, 17, 17, 16, 17, 17, 17, 17, 16, 2, 17, 17, 17, 17, 17, 17, 17, 17, 11, 16, 17, 17, 17, 20, 17, 17, 17, 16, 1, 1, 1, 1, 1, 1, 1, 1,
            1, 1, 1, 1, 1, 1, 1, 6, 16, 17, 17, 16, 17, 17, 17, 17, 17, 17, 17, 17, 17, 17, 17, 16, 17, 17, 17, 17, 16, 17, 17, 17, 17, 17, 17, 17, 17, 17, 17, 17, 16, 16, 1, 1, 1, 1, 1, 1, 1, 1,
            1, 1, 1, 1, 1, 1, 1, 6, 16, 17, 17, 17, 17, 16, 17, 17, 17, 11, 17, 17, 17, 17, 17, 16, 16, 17, 17, 17, 17, 17, 17, 17, 17, 17, 17, 17, 17, 17, 2, 17, 16, 16, 1, 1, 1, 1, 1, 1, 1, 1,
            1, 1, 1, 1, 1, 1, 1, 6, 16, 17, 17, 17, 17, 17, 17, 17, 16, 13, 17, 17, 17, 17, 17, 17, 17, 17, 17, 19, 16, 16, 17, 17, 16, 17, 17, 17, 17, 17, 17, 17, 17, 17, 1, 1, 1, 1, 1, 1, 1, 1,
            1, 1, 1, 1, 1, 1, 1, 6, 1, 17, 17, 17, 17, 17, 17, 17, 17, 16, 16, 17, 17, 17, 17, 17, 17, 17, 17, 17, 16, 16, 16, 16, 12, 17, 17, 17, 1, 17, 17, 17, 17, 17, 17, 1, 1, 1, 1, 1, 1, 1,
            1, 1, 1, 1, 1, 1, 1, 6, 16, 17, 17, 17, 17, 17, 17, 17, 17, 16, 16, 16, 17, 15, 17, 16, 17, 17, 17, 17, 17, 17, 16, 16, 16, 16, 17, 17, 15, 16, 17, 17, 17, 17, 1, 1, 1, 1, 1, 1, 1, 1,
            1, 1, 1, 1, 1, 1, 1, 6, 16, 17, 17, 17, 17, 17, 17, 17, 17, 16, 16, 16, 17, 17, 17, 16, 17, 16, 17, 1, 17, 17, 17, 17, 17, 19, 17, 17, 17, 17, 11, 16, 16, 11, 1, 1, 1, 1, 1, 1, 1, 1,
            1, 1, 1, 1, 1, 1, 1, 6, 16, 17, 17, 2, 17, 17, 17, 17, 16, 16, 2, 16, 11, 17, 17, 17, 16, 39, 17, 17, 17, 17, 17, 17, 17, 17, 17, 17, 17, 17, 16, 16, 16, 16, 1, 1, 1, 1, 1, 1, 1, 1,
            1, 1, 1, 1, 1, 1, 1, 6, 18, 17, 17, 16, 16, 16, 17, 17, 16, 16, 16, 16, 17, 17, 17, 17, 16, 42, 17, 17, 16, 17, 17, 17, 16, 16, 17, 17, 17, 16, 16, 16, 16, 16, 1, 1, 1, 1, 1, 1, 1, 1,
            1, 1, 1, 1, 1, 1, 1, 6, 16, 17, 17, 17, 17, 17, 17, 17, 16, 15, 16, 16, 17, 17, 17, 17, 17, 45, 46, 47, 16, 16, 17, 17, 19, 16, 17, 17, 1, 16, 16, 16, 17, 16, 1, 1, 1, 1, 1, 1, 1, 1,
            1, 1, 1, 1, 1, 1, 1, 6, 16, 17, 16, 16, 17, 17, 17, 17, 17, 16, 16, 16, 17, 17, 17, 17, 17, 16, 16, 16, 16, 17, 17, 17, 16, 17, 17, 17, 17, 16, 16, 17, 17, 17, 1, 1, 1, 1, 1, 1, 1, 1,
            1, 1, 1, 1, 1, 1, 1, 6, 11, 17, 16, 1, 17, 17, 17, 17, 17, 16, 15, 16, 17, 17, 17, 16, 16, 17, 17, 17, 16, 17, 17, 17, 16, 17, 17, 17, 17, 17, 17, 17, 17, 16, 1, 1, 1, 1, 1, 1, 1, 1,
            1, 1, 1, 1, 1, 1, 1, 6, 17, 17, 17, 16, 17, 17, 17, 17, 17, 16, 17, 17, 17, 2, 16, 16, 17, 17, 17, 17, 16, 17, 17, 17, 2, 16, 17, 17, 17, 16, 16, 17, 17, 16, 1, 1, 1, 1, 1, 1, 1, 1,
            1, 1, 1, 1, 1, 1, 1, 6, 16, 17, 17, 16, 17, 17, 17, 17, 17, 16, 17, 17, 17, 17, 16, 16, 17, 17, 17, 17, 17, 17, 17, 17, 16, 11, 16, 17, 16, 11, 16, 16, 17, 21, 1, 1, 1, 1, 1, 1, 1, 1,
            1, 1, 1, 1, 1, 1, 1, 6, 16, 16, 17, 17, 17, 17, 17, 17, 17, 17, 17, 17, 17, 17, 17, 17, 17, 17, 17, 16, 17, 17, 17, 17, 16, 16, 12, 17, 16, 16, 1, 16, 17, 16, 1, 1, 1, 1, 1, 1, 1, 1,
            1, 1, 1, 1, 1, 1, 1, 6, 16, 17, 16, 17, 17, 17, 16, 16, 15, 17, 17, 17, 17, 17, 17, 17, 16, 16, 16, 15, 16, 17, 17, 16, 16, 11, 17, 17, 17, 16, 16, 16, 17, 16, 1, 1, 1, 1, 1, 1, 1, 1,
            1, 1, 1, 1, 1, 1, 1, 6, 17, 17, 17, 17, 17, 17, 17, 16, 16, 19, 2, 17, 16, 17, 17, 16, 16, 15, 16, 16, 14, 16, 16, 11, 20, 17, 17, 17, 17, 16, 16, 16, 17, 16, 1, 1, 1, 1, 1, 1, 1, 1,
            1, 1, 1, 1, 1, 1, 1, 6, 17, 17, 17, 16, 17, 17, 17, 17, 17, 17, 17, 17, 16, 16, 17, 17, 1, 16, 18, 16, 16, 16, 16, 16, 16, 17, 17, 17, 17, 17, 16, 16, 17, 16, 1, 1, 1, 1, 1, 1, 1, 1,
            1, 1, 1, 1, 1, 1, 1, 6, 17, 17, 16, 16, 17, 17, 17, 17, 17, 17, 17, 17, 17, 17, 17, 17, 16, 16, 17, 17, 16, 16, 16, 16, 16, 16, 17, 17, 17, 17, 12, 16, 17, 16, 1, 1, 1, 1, 1, 1, 1, 1,
            1, 1, 1, 1, 1, 1, 1, 6, 2, 17, 12, 16, 17, 17, 17, 17, 17, 17, 17, 17, 17, 17, 17, 17, 16, 16, 17, 17, 17, 16, 15, 16, 2, 16, 16, 17, 17, 17, 16, 17, 17, 11, 1, 1, 1, 1, 1, 1, 1, 1,
            1, 1, 1, 1, 1, 1, 1, 6, 16, 17, 15, 17, 17, 17, 17, 17, 17, 17, 17, 17, 17, 17, 17, 17, 17, 16, 17, 17, 17, 17, 17, 17, 17, 17, 17, 17, 16, 16, 17, 17, 16, 16, 1, 1, 1, 1, 1, 1, 1, 1,
            1, 1, 1, 1, 1, 1, 1, 6, 16, 17, 16, 16, 16, 17, 17, 17, 16, 17, 17, 17, 16, 16, 16, 16, 17, 16, 17, 17, 17, 17, 17, 17, 17, 17, 17, 17, 17, 17, 17, 17, 17, 16, 1, 1, 1, 1, 1, 1, 1, 1,
            1, 1, 1, 1, 1, 1, 1, 6, 16, 17, 17, 17, 17, 17, 17, 16, 16, 21, 16, 16, 11, 16, 16, 17, 17, 17, 17, 17, 17, 17, 17, 17, 17, 17, 17, 16, 17, 17, 17, 17, 16, 16, 1, 1, 1, 1, 1, 1, 1, 1,
            1, 1, 1, 1, 1, 1, 1, 6, 11, 17, 17, 17, 17, 17, 17, 18, 15, 16, 16, 2, 16, 16, 17, 17, 17, 17, 17, 17, 17, 16, 16, 16, 16, 17, 16, 16, 16, 16, 21, 16, 16, 2, 1, 1, 1, 1, 1, 1, 1, 1,
            1, 1, 1, 1, 1, 1, 1, 6, 1, 16, 17, 17, 17, 17, 15, 16, 12, 11, 16, 1, 16, 16, 16, 17, 17, 17, 17, 17, 17, 17, 18, 12, 16, 14, 16, 11, 16, 16, 11, 1, 16, 15, 1, 1, 1, 1, 1, 1, 1, 1,
            1, 1, 1, 1, 1, 1, 1, 7, 1, 1, 1, 1, 1, 1, 1, 1, 1, 1, 1, 1, 1, 1, 1, 1, 17, 17, 1, 1, 1, 1, 1, 1, 1, 1, 1, 1, 1, 1, 1, 1, 1, 1, 8, 1, 1, 1, 1, 1, 1, 1,
            1, 1, 1, 1, 1, 1, 1, 1, 1, 1, 1, 1, 1, 1, 1, 1, 1, 1, 1, 1, 1, 1, 1, 1, 1, 1, 1, 1, 1, 1, 1, 1, 1, 1, 1, 1, 1, 1, 1, 1, 1, 1, 1, 1, 1, 1, 1, 1, 1, 1,
            1, 1, 1, 1, 1, 1, 1, 1, 1, 1, 1, 1, 1, 1, 1, 1, 1, 1, 1, 1, 1, 1, 1, 1, 1, 1, 1, 1, 1, 1, 1, 1, 1, 1, 1, 1, 1, 1, 1, 1, 1, 1, 1, 1, 1, 1, 1, 1, 1, 1,
            1, 1, 1, 1, 1, 1, 1, 1, 1, 1, 1, 1, 1, 1, 1, 1, 1, 1, 1, 1, 1, 1, 1, 1, 1, 1, 1, 1, 1, 1, 1, 1, 1, 1, 1, 1, 1, 1, 1, 1, 1, 1, 1, 1, 1, 1, 1, 1, 1, 1,
            1, 1, 1, 1, 1, 1, 1, 1, 1, 1, 1, 1, 1, 1, 1, 1, 1, 1, 1, 1, 1, 1, 1, 1, 1, 1, 1, 1, 1, 1, 1, 1, 1, 1, 1, 1, 1, 1, 1, 1, 1, 1, 1, 1, 1, 1, 1, 1, 1, 1,
            1, 1, 1, 1, 1, 1, 1, 1, 1, 1, 1, 1, 1, 1, 1, 1, 1, 1, 1, 1, 1, 1, 1, 1, 1, 1, 1, 1, 1, 1, 1, 1, 1, 1, 1, 1, 1, 1, 1, 1, 1, 1, 1, 1, 1, 1, 1, 1, 1, 1,
            1, 1, 1, 1, 1, 1, 1, 1, 1, 1, 1, 1, 1, 1, 1, 1, 1, 1, 1, 1, 1, 1, 1, 1, 1, 1, 1, 1, 1, 1, 1, 1, 1, 1, 1, 1, 1, 1, 1, 1, 1, 1, 1, 1, 1, 1, 1, 1, 1, 1,
            1, 1, 1, 1, 1, 1, 1, 1, 1, 1, 1, 1, 1, 1, 1, 1, 1, 1, 1, 1, 1, 1, 1, 1, 1, 1, 1, 1, 1, 1, 1, 1, 1, 1, 1, 1, 1, 1, 1, 1, 1, 1, 1, 1, 1, 1, 1, 1, 1, 1],
         "height":50,
         "id":1,
         "name":"Tile Layer 1",
         "offsetx":1.7053e-13,
         "offsety":0.00442708,
         "opacity":1,
         "type":"tilelayer",
         "visible":true,
         "width":50,
         "x":0,
         "y":0
        }],
 "nextlayerid":3,
 "nextobjectid":1,
 "orientation":"orthogonal",
 "renderorder":"left-down",
 "tiledversion":"1.11.0",
 "tileheight":57,
 "tilesets":[
        {
         "firstgid":1,
         "source":"..\/..\/specters.io\/map\/tileset.tsx"
        }],
 "tilewidth":57,
 "type":"map",
 "version":"1.10",
 "width":50
});